8.016381383772479552e-01
7.965675620809861135e-01
7.912990361195125777e-01
7.858242374571959843e-01
7.801342401648129199e-01
7.742195325445878629e-01
7.680699618530113515e-01
7.616747454740140366e-01
7.550224842982973250e-01
7.481011735686354802e-01
7.408983108856637134e-01
7.334009328479296208e-01
7.255957976507206864e-01
7.174695677938647265e-01
7.090090398008351835e-01
7.002014820616824231e-01
6.910350042375155155e-01
6.814989564438003189e-01
6.715843311067886123e-01
6.612839028741795966e-01
6.505918180233265513e-01
6.395015656625674394e-01
6.279997507051338079e-01
6.160479827698457367e-01
6.035255814655796636e-01
5.900036689288712388e-01
5.733252168854459097e-01
5.999159141822764107e-01
5.733990309560819121e-01
5.553552751723022096e-01
5.425229632948870284e-01
5.314428063677021363e-01
5.215588424753944130e-01
5.126866060279340331e-01
5.046223048639506548e-01
4.969815479619467125e-01
4.890735803597713316e-01
4.797824469541062675e-01
4.674721580981029412e-01
4.499901446413595574e-01
4.250022327729526816e-01
3.913384784391200077e-01
3.529462407333404661e-01
3.267188833083157773e-01
3.441989620722630261e-01
4.183159101950657544e-01
5.085696476358503304e-01
5.681450453406160506e-01
5.863035557539800768e-01
5.714315032132109007e-01
5.324576145956753104e-01
4.797867293779284337e-01
6.853962982316834651e-01
4.374200264039684316e-01
3.196022416743336536e-01
2.211332685507813034e-01
1.322657929173943758e-01
7.061849339392821390e-02
1.344230803321909244e-02
2.728806654522179520e-01
4.910331101318447522e-01
5.184018229422320267e-01
5.974435524371670692e-01
5.913794932621496692e-01
6.835014887529352601e-01
7.198344955026975134e-01
7.452762042695082467e-01
7.650538183077510990e-01
7.811785303520655255e-01
7.947205342128256245e-01
8.063323822631414117e-01
8.164442021606200806e-01
8.253550309308534949e-01
8.332812645387910333e-01
8.403846286699913071e-01
8.467892468728703825e-01
8.525925889088034060e-01
8.578727844909606048e-01
8.626935983721839563e-01
8.671079382576043493e-01
8.711603479164935493e-01
8.748887644389329310e-01
8.783258282222901059e-01
8.814997997416017528e-01
8.844352773875853169e-01
8.871537064455421451e-01
8.896738351654887023e-01
8.920120560319307890e-01
8.941827164613422863e-01
8.961983783537949000e-01
8.980700607489193743e-01
8.998074246160087108e-01
9.014189405363276508e-01
9.029120404989622317e-01
9.042932072232836571e-01
9.055680871496620821e-01
9.067415563630409903e-01
9.078177687503592441e-01
9.088002286597186563e-01
9.096918025790992068e-01
9.104947538345247171e-01
9.112107835066483030e-01
9.118410244660865027e-01
9.123860807188524102e-01
9.128460172638004355e-01
9.132203941419921867e-01
9.135082466786448308e-01
9.137081307347025838e-01
9.138180894175599311e-01
9.138356944679639771e-01
9.137580176285418077e-01
9.135816661710257636e-01
9.133027697589809479e-01
9.129170017138272808e-01
9.124195844217704021e-01
9.118053216992075827e-01
9.110686499992211029e-01
9.102036992586384212e-01
9.092044344584135906e-01
9.080648826727338863e-01
9.067794976485329395e-01
9.053437964469333021e-01
9.037554350338378173e-01
9.020159392753904770e-01
9.001336232290524375e-01
8.981282294300980684e-01
8.960379170326009390e-01
8.939284784095075098e-01
8.919012662430678695e-01
8.900871590613285145e-01
8.885981988100116746e-01
8.874093303054302329e-01
8.862236897781166078e-01
8.845156378397488472e-01
8.818374938312336653e-01
8.780832682699746261e-01
8.734404926144123671e-01
8.681943202213405764e-01
8.626099070488849607e-01
8.569186906860334352e-01
8.513500052813268715e-01
8.461683904819565782e-01
8.417012506245825643e-01
8.383495412188448626e-01
8.365729016561603837e-01
8.368396887354976332e-01
8.395383114434005201e-01
8.448635714373496919e-01
8.527155431900216298e-01
8.626617477921774135e-01
8.739962980306521523e-01
8.858826992944569545e-01
8.975225583611099456e-01
9.082850315752311054e-01
9.177630860010427272e-01
9.257627631535193524e-01
9.322538705935078385e-01
9.373107773684341559e-01
9.410610206079708107e-01
9.436480832565492527e-01
9.452079474788538382e-01
9.458557441000480237e-01
9.456790261712846313e-01
9.447342687164098640e-01
9.430444315801335131e-01
9.405955567244553839e-01
9.373309041308830469e-01
9.331408059144674638e-01
9.278459518210949719e-01
9.211714354561154616e-01
9.127092107777045049e-01
9.018724548606228408e-01
8.878690242116851206e-01
8.698049464211538018e-01
8.472627325635945228e-01
8.220893140169268642e-01
8.015073001775949724e-01
7.974858980199484026e-01
8.147313358126337945e-01
8.428521449996496662e-01
8.692391227593553316e-01
8.890136477433839834e-01
9.025521839558151571e-01
9.115821749768017179e-01
9.176422558879272495e-01
9.218158321823899382e-01
9.248135623007093242e-01
9.270926387141210645e-01
9.289465663756932834e-01
9.305637017606050998e-01
9.320636598034232057e-01
9.335192411510738753e-01
9.349696195667366316e-01
9.364289422724049183e-01
9.378956731806513680e-01
9.393680858513718812e-01
9.408623896060375191e-01
9.424100615918046264e-01
9.440228483616670552e-01
9.456666304556942126e-01
9.472803078608783567e-01
