9.593396135127626456e-01
9.587557069627431483e-01
9.579737482330921150e-01
9.569494907657907223e-01
9.556299717085228185e-01
9.539518045885436726e-01
9.518392148074691361e-01
9.492017866654990366e-01
9.459318948129865623e-01
9.419019368852336038e-01
9.369614502005125800e-01
9.309343768547835296e-01
9.236169368933710988e-01
9.147767357199553251e-01
9.041542556678470177e-01
8.914680050147911761e-01
8.764255033737992084e-01
8.587420068807576357e-01
8.381692556353392831e-01
8.145354503497347354e-01
7.877951055577323558e-01
7.580838987768443449e-01
7.257679879689239444e-01
6.914724574735967577e-01
6.560717030347309464e-01
6.206299714791314592e-01
5.862926679428310806e-01
5.541471915094650091e-01
5.250853687333661979e-01
4.997019687586439773e-01
4.782516534850225209e-01
4.606667966063283659e-01
4.466208217783007028e-01
4.356132580117256237e-01
4.270542696703860663e-01
4.203341476814497768e-01
4.148719746621748472e-01
4.101440663502661788e-01
4.056961561549738415e-01
4.011442175234132823e-01
3.961677703229566361e-01
3.904969795877224481e-01
3.838875597161314213e-01
3.760343992122009982e-01
3.657066015912083801e-01
3.622421831004126180e-01
3.486133779353416950e-01
3.356490879516346726e-01
3.216045591845284046e-01
3.063124340871269946e-01
2.897747976097805878e-01
2.720615397619473019e-01
2.532954465131433963e-01
2.336532971985673113e-01
2.133735223594064312e-01
1.927721395446633790e-01
1.722800723891090291e-01
1.525510647712729206e-01
1.348639381383231195e-01
1.234253534898955007e-01
1.708106868108553167e-01
3.319629507343103969e-02
3.478395527535802639e-02
2.619112567306325703e-02
1.726776112691139065e-02
1.011362830590708910e-02
5.665973110455513155e-03
4.639539844874241564e-03
7.806231151960220729e-03
1.616101547429875038e-02
3.108201754521461302e-02
5.451662656934984363e-02
8.919477170272419042e-02
1.388195768382853024e-01
2.080559845302880628e-01
3.018429461642575529e-01
4.230591566583394858e-01
5.673530849326258174e-01
7.158763176416750307e-01
8.310747770169899518e-01
7.974613427334794613e-01
8.441432295798200203e-01
8.064337832278953844e-01
7.198058239162617999e-01
6.262520866825616039e-01
5.393552369120356849e-01
4.631439448385992197e-01
3.974529260914606565e-01
3.411414384955413492e-01
2.941954369631493704e-01
2.587797716969537642e-01
2.376580261779169256e-01
1.924579864179226663e-01
1.039784778979761654e-01
2.130911477671037224e-01
7.197175726755822289e-01
6.854249467765464177e-01
6.769324033320102130e-01
6.791162579673571953e-01
6.846093069235020812e-01
6.911640668102682072e-01
6.979647882331473374e-01
7.046865159257396094e-01
7.111958550664367884e-01
7.174406352324520508e-01
7.234050287221939213e-01
7.290900290044696197e-01
7.345046026069302902e-01
7.396615583859235121e-01
7.445756276865076462e-01
7.492625561995377437e-01
7.537386762752553704e-01
7.580207126560102315e-01
7.621256082097728202e-01
7.660704482628655221e-01
7.698723276453328657e-01
7.735482262201048842e-01
7.771148390411763973e-01
7.805884512861859248e-01
7.839847532923862605e-01
7.873186940336132089e-01
7.906043408983055576e-01
7.938547240781493874e-01
7.970817183030022290e-01
8.002959776801035208e-01
8.035068405715278805e-01
8.067222883774585185e-01
8.099489404105136847e-01
8.131920657194976476e-01
8.164556302493558571e-01
8.197423633414882005e-01
8.230538438288043102e-01
8.263906444234802029e-01
8.297524352173412110e-01
8.331381783128293250e-01
8.365462509112420175e-01
8.399746433303729720e-01
8.434210680097676827e-01
8.468831122018926072e-01
8.503582914659094660e-01
8.538440524782430208e-01
8.573377884079368405e-01
8.608367402925433121e-01
8.643380065539785218e-01
8.678385909419029653e-01
8.713355196737109232e-01
8.748260307278977743e-01
8.783077137938583023e-01
8.817786349930173406e-01
8.852373486728152274e-01
8.886828411913684223e-01
8.921143968195620610e-01
8.955314899634414516e-01
8.989336703299866116e-01
9.023205038531452171e-01
9.056916584938005110e-01
9.090471510386720633e-01
9.123878148038118141e-01
9.157160807310317230e-01
9.190369820389890920e-01
9.223591699245397013e-01
9.256953096049818086e-01
9.290608153756129139e-01
9.324697530256045308e-01
9.359272873952689809e-01
9.394195980037362004e-01
9.429043902495479745e-01
9.463058480685151430e-01
9.495161437159166384e-01
9.524029655392586280e-01
9.548205246804561952e-01
9.566222595717822630e-01
9.576757064934509067e-01
9.578811708956883608e-01
9.571961773905098836e-01
9.556652641506162560e-01
9.534492675034399456e-01
9.508397682098460590e-01
9.482376887458844328e-01
9.460819185256205133e-01
9.447423950075887200e-01
9.444246343437460167e-01
9.451355532508689539e-01
9.467215394042565180e-01
9.489457777493308654e-01
9.515611962287000569e-01
9.543552459495721063e-01
9.571658606633985933e-01
9.598789855274444394e-01
9.624183867724372954e-01
9.647341984308462903e-01
9.667933144106242160e-01
9.685722783459473906e-01
9.700523969404648561e-01
9.712167648365276351e-01
9.720484173813704887e-01
9.725294421374488518e-01
9.726406251196636488e-01
9.723612429475679830e-01
9.716687039824648542e-01
9.705377220761608470e-01
