7.114483824455021255e-01
6.805710029978733200e-01
6.481332170001261606e-01
6.153213971415212313e-01
5.834804284841400568e-01
5.538562038374879037e-01
5.273298966075650185e-01
5.042404003916468591e-01
4.843396418540973913e-01
4.668332346413921474e-01
4.503446877481673827e-01
4.323348538414641951e-01
4.053976482087616184e-01
3.146332136516007405e-01
3.498154182226502762e-01
4.316058698057844145e-01
4.174156342608814074e-01
4.028079326178611308e-01
3.882491214441531890e-01
3.717812325875031743e-01
3.466077475491582960e-01
2.936059175333438076e-01
7.830126303244252517e-01
5.692767173504365008e-01
5.675074491590168524e-01
6.064244014035249375e-01
6.668359966830350594e-01
7.379599030730836784e-01
8.069001759106264604e-01
8.594472562581260133e-01
8.847589437031196935e-01
8.792676256829760062e-01
8.462499986097747895e-01
7.917540719222779799e-01
7.204727887755482119e-01
6.350676862538677803e-01
5.421339847407252721e-01
4.625856074599640211e-01
4.243318891775094692e-01
4.195117818495621154e-01
3.173367551253990504e-01
3.737293854872223986e-01
1.459673840254682720e-01
3.282271224540329602e-01
3.536684140581612956e-01
4.753512878606386272e-01
5.762327178530459726e-01
6.249253472078639682e-01
6.582979501859336224e-01
6.835461159511900808e-01
7.036699168879312349e-01
7.202414133457093470e-01
7.341945530730892289e-01
7.461311117464414222e-01
7.564616458692716705e-01
7.654785010187575844e-01
7.733969553855624124e-01
7.803799209283956984e-01
7.865535336434804625e-01
7.920174164632219904e-01
7.968516330372137357e-01
8.011215489909930820e-01
8.048813463933774948e-01
8.081765618434147980e-01
8.110460277215019165e-01
8.135233289260116463e-01
8.156379567748782700e-01
8.174162060766383409e-01
8.188818874250587410e-01
8.200569340144786556e-01
8.209618619131713313e-01
8.216161791250258251e-01
8.220387088026398503e-01
8.222478650314820614e-01
8.222618775780022871e-01
8.220990070053227905e-01
8.217776851259092075e-01
8.213166664089361912e-01
8.207351554408665040e-01
8.200529024564253699e-01
8.192903137193273677e-01
8.184685364057360246e-01
8.176095632248916445e-01
8.167363320504189561e-01
8.158728114071712723e-01
8.150440776131513410e-01
8.142763617423256495e-01
8.135969707400840800e-01
8.130340139528376975e-01
8.126157609246638103e-01
8.123694254690542182e-01
8.123191618166709649e-01
8.124831832469282533e-01
8.128703738943617862e-01
8.134774582800619047e-01
8.142888119706988004e-01
8.152813625592820745e-01
8.164360134719370610e-01
8.177539893837586504e-01
8.192733620595182842e-01
8.210796275917874310e-01
8.233048922114071244e-01
8.261107678839363366e-01
8.296490111480712137e-01
8.339973696368467859e-01
8.390873603285474713e-01
8.446719186251437916e-01
8.503838766861053777e-01
8.558717789338847748e-01
8.609221531986352982e-01
8.654909903619349976e-01
8.696536589803464112e-01
8.735322236843631183e-01
8.772423716510863168e-01
8.808679241907700908e-01
8.844540585851129455e-01
8.880089347919216669e-01
8.915075360565770657e-01
8.948949089332679518e-01
8.980880832063000696e-01
9.009765335349452231e-01
9.034213846996341779e-01
9.052535740062428449e-01
9.062720498238449052e-01
9.062453767379939906e-01
9.049253777538216470e-01
9.020917616369965586e-01
8.976592183452108964e-01
8.918765847674766656e-01
8.855799334676057732e-01
8.802804482578908685e-01
8.777332443262336747e-01
8.790069663016614188e-01
8.838404956463384865e-01
8.909566976295005825e-01
8.989003979229248653e-01
9.066013122272039704e-01
9.134678373498154036e-01
9.192492811461344671e-01
9.238779319542307356e-01
9.273645149001623622e-01
9.297473012180820229e-01
9.310779228274354002e-01
9.314284535995923653e-01
9.309072968560211381e-01
9.296722076759883491e-01
9.279302417977959294e-01
9.259201102744791800e-01
9.238819523852175308e-01
9.220267236096270080e-01
9.205167327221546181e-01
9.194610017923928735e-01
9.189211982372375020e-01
9.189211032163294712e-01
9.194546892826868101e-01
9.204915981568367878e-01
9.219811074196371248e-01
9.238562489391651811e-01
9.260388010589425400e-01
9.284450199333506015e-01
9.309912649123408546e-01
9.335986066439094788e-01
9.361960920134644315e-01
9.387225460268485699e-01
9.411272617074585289e-01
9.433700290859021731e-01
9.454207989261695921e-01
9.472590672830911718e-01
9.488727105601963974e-01
9.502557676354461691e-01
9.514043829392822005e-01
9.523091458187130653e-01
9.529335121123695407e-01
9.531357471934314152e-01
9.524707695547335318e-01
9.500656373826387169e-01
9.450744878219781153e-01
9.373271583518191230e-01
9.273526925860802184e-01
9.159885848403669373e-01
9.039147910374163430e-01
8.912764312613753459e-01
8.776901661710854174e-01
8.632815674929822380e-01
8.498372837349791320e-01
8.384955430628864281e-01
8.127771413619644392e-01
7.874421403268184738e-01
8.114996681952201252e-01
8.280104500106402199e-01
8.375015814916020318e-01
8.431287075957432098e-01
8.459209872304553901e-01
8.474322126525281051e-01
8.504578339453414682e-01
8.516908922385034719e-01
8.539586537256951271e-01
8.540187543884387722e-01
8.562418378836383903e-01
8.648768357412272012e-01
8.607211807698798012e-01
